265,19
265,18
265,17
265,13
265,16
265,15
265,14
265,10
265,12
265,11
265,9
265,4
265,8
265,7
265,6
265,5
267,4
267,3
267,2
267,1
267,0
266,3
266,2
266,1
266,0
265,3
265,2
265,1
265,0
264,3
264,2
264,1
264,0
263,5
263,4
263,3
263,2
263,1
263,0
262,4
262,3
262,2
262,1
262,0
261,3
261,2
261,1
261,0
260,4
260,3
260,2
260,1
260,0
259,3
259,2
259,1
259,0
258,3
258,2
258,1
258,0
257,3
257,2
257,1
257,0
256,5
256,4
256,3
256,2
256,1
256,0
255,4
255,3
255,2
255,1
255,0
254,4
254,3
254,2
254,1
254,0
253,4
253,3
253,2
253,1
253,0
252,3
252,2
252,1
252,0
251,4
251,3
251,2
251,1
251,0
250,3
250,2
250,1
250,0
249,4
249,3
249,2
249,1
249,0
248,3
248,2
248,1
248,0
247,5
247,4
247,3
247,2
247,1
247,0
246,4
246,3
246,2
246,1
246,0
245,3
245,2
245,1
245,0
244,4
244,3
244,2
244,1
244,0
243,3
243,2
243,1
243,0
242,3
242,2
242,1
242,0
241,3
241,2
241,1
241,0
240,5
240,4
240,3
240,2
240,1
240,0
239,4
239,3
239,2
239,1
239,0
238,4
238,3
238,2
238,1
238,0
237,4
237,3
237,2
237,1
237,0
236,3
236,2
236,1
236,0
235,4
235,2
233,15
233,14
233,13
233,12
233,11
233,10
233,9
233,8
233,7
233,6
233,5
233,4
233,3
233,2
233,1
233,0
231,5
231,4
231,3
231,2
231,1
231,0
228,4
228,3
228,2
228,1
228,0
226,3
226,2
226,1
226,0
224,5
224,4
224,3
224,2
224,1
224,0
223,4
223,3
223,2
223,1
223,0
222,4
222,3
222,2
222,1
222,0
221,4
221,3
221,2
221,1
221,0
220,2
18,3
18,1
18,0
4,3
4,2
4,1
4,0
3,6
3,5
3,4
3,3
3,2
3,1
3,0
2,2
1,2
235,1
0,439
235,3
0,438
235,0
0,437
1,1
0,433
1,3
0,431
0,422
1,0
0,419
0,416
220,1
0,414
220,3
0,408
0,403
220,0
0,362
0,322
2,1
0,320
2,3
0,243
2,0
0,9
0,310
0,305
0,308
0,304
0,303
0,302
0,307
0,12
0,10
0,8
0,0
0,377
0,300
0,351
0,299
0,399
0,298
0,398
0,297
0,376
0,296
0,367
0,295
0,323
0,294
0,343
0,293
0,350
0,292
0,389
0,291
0,329
0,290
0,396
0,289
0,429
0,288
0,446
0,287
0,421
0,286
0,335
0,285
0,425
0,284
0,332
0,283
0,346
0,282
0,321
0,281
0,314
0,280
0,372
0,279
0,309
0,278
0,375
0,277
0,436
0,276
0,423
0,275
0,418
0,274
0,400
0,273
0,426
0,272
0,447
0,271
0,445
0,270
0,410
0,269
0,409
0,268
0,388
0,267
0,347
0,266
0,402
0,265
0,349
0,264
0,413
0,263
0,341
0,262
0,315
0,261
0,387
0,260
0,378
0,259
0,319
0,258
0,371
0,257
0,340
0,256
0,354
0,255
0,435
0,254
0,368
0,253
0,339
0,252
0,365
0,251
0,317
0,250
0,417
0,249
0,415
0,248
0,395
0,247
0,312
0,246
0,407
0,245
0,336
0,244
0,330
0,242
0,353
0,241
0,385
0,240
0,391
0,239
0,373
0,238
0,369
0,237
0,345
0,236
0,325
0,235
0,360
0,234
0,328
0,233
0,348
0,232
0,231
0,313
0,230
0,311
0,229
0,412
0,228
0,327
0,227
0,390
0,226
0,359
0,225
0,342
0,224
0,338
0,223
0,394
0,222
0,434
0,221
0,366
0,220
0,364
0,219
0,218
0,324
0,217
0,361
0,216
0,333
0,215
0,344
0,214
0,326
0,213
0,443
0,212
0,306
0,211
0,370
0,210
0,357
0,209
0,363
0,208
0,381
0,207
0,318
0,206
0,406
0,205
0,397
0,204
0,393
0,203
0,404
0,202
0,356
0,201
0,301
0,200
0,355
0,199
0,334
0,198
0,442
0,197
0,401
0,196
0,382
0,195
0,441
0,194
0,352
0,193
0,380
0,192
0,432
0,63
0,379
0,62
0,405
0,61
0,428
0,60
0,392
0,59
0,384
0,58
0,337
0,57
0,331
0,56
0,316
0,55
0,358
0,54
0,440
0,53
0,420
0,52
0,444
0,51
0,424
0,50
0,430
0,49
0,386
0,48
0,411
0,47
0,427
0,46
0,374
0,45
0,383
0,6
0,5
0,1
0,11
0,4
0,2
0,3
0,7
